01000010110011011111111111011111
01010010111011010000111011011110
11110001101111000010000010110000
01000011010111011111000011010011
01101101010111100000111000010010
10111100111111101111000000000100
11100010000110111110001011100011
01010000001111111111000101000001
11101111001000011110110001010000
00000001001101000010001010101111
00100000000100110100001000101110
11110010110001000001000100101101
01001111101100000010001000000111
01001110110011010011000101000101
00111110101111010000111111010001
00111101111000010000001001000011
01000000111000111111001100110000
00001111101001011011101011010000
11111111101111100101001000011111
11110000111111100001111111001111
11011011101111111111011000011011
00100100111111000101010100011110
00000011001111110011001011101110
00100100000000000010011001001101
00010010110111101001010111111111
00000100111011011111101111011100
00010100001011001101001101011110
