11000111000000111010011111011010
10111001000011111110011001100111
11001010011110011001000111001010
01111100011101011111001011111001
00010011011101001011100111111001
00110110110010110110000001110001
10100000100111000010010110010111
01001011111111100010101111100101
10111001010101111001100110010110
11000000000110100110101011001111
00100100100100001001011100110111
10100101011001010011100110101001
11110011100101101010110111111101
11110100011100000101010011110011
01100111011101110111011101010110
11100011010111000111000011101111
