10010010101000011100010010010110
01111100011110010110011110100111
00001101111001010100000010011001
01110101111101001100011000100011
11010111110110100111010100101110
01010001001011110011111010010010
00110101110100010101011011100001
01110010110111011010000000001001
01111101011111100111011101111110
11101001001011101011010101110001
10100110001110101010011010011001
11110001011100111110101110101010
01110011100101110111011100110111
01100010100110010001110001110111
10011111011110111010111110010101
11101111101011110101101101110111
