11100001010000000001110100000001
00001101010011100000111100110001
11001111011110011110110110010100
00110001001101110100011111010110
01100111001001111111110001001101
00010110000100001111011101100111
00000101111101000011000100110100
11111100110100000001011111000111
00100110000101001010111000000000
11110001011111010100111000000001
01010100111011111010011000000010
11101111011101110001010111100010
11100000111101111111101111110011
10111101010000010000001000010111
01110011111111110011011001111111
10101101000011000111100110111010
