10101001111011010010111111001111
10101111111010100000101010010011
11001011001101110010100101111101
01111101001111000010000011011011
11100111001110011011011110011001
01101001011110101110110111101101
00000000110101001011011011001101
10100001001110011001100110101111
00011111000111001001101100000000
01111010011111100000011010011001
00011001010101100100001111101101
10010011101101110001100110111101
00001010000100111110111001110010
01111100101110100010001011110000
10011010010111011100011111101111
01110010000111010100101001110000
