10100111101011100111101101111001
10100000000111011010011001100111
11001010011110101111000110011101
00011110010001111101011101110010
00101110101001011111101011111100
10100100000001101110101101010011
10110011111010100010011110010101
01111001001110010010000110010011
00000011000001110000010110111001
10110110111111100010100101011011
00011010101010011101010101010101
11000000011101111110000110101101
00100101100101110100100110111001
01010110001010011101001111010010
01110111011101011001100101010100
11100000011110110111111000000101
