10011100100100000011001111000111
11001111001010110101110110010011
11011101001101110111111001001100
01110000001011000100111111010001
11110110101000000000011111001010
01111001011110011101011111001101
01110100000001110101011111000010
10010110100110011011110110010101
01110001011111011001010001100010
01111010011110010111001010101010
11011100001100010000010010011101
10010001101000110011101000011101
01111101111111111010011000100111
01111100110110010010011010100010
10111011011011100100110111100001
01110000100110010111000101110110
