11110100001100101001111111111111
11111010110100100110011111000011
00101110100101101111100111101010
11110011101001101001011100001011
10011101111010100111000101001101
00111101011010010000111010011001
10011111101000000010011111101101
01010000011000101001001011111010
00001010001100000010011001111100
11001001111111101111010100101111
11100101011010011001011110101101
00000011010001010100100111101010
01100011110101000100001000110001
10110100110110011100100101111111
10011101000010011100011111110000
11011100010111101111100101110010
