10010011100111100001101001111001
10011011001000001101111001110011
10111001011111000010111110100010
10100011111101110010010000111001
00110110100100111101100100011001
10011100010001011101000000110100
11011111010010100011110010010011
01111010111010010110011110100000
01001111011111111010011100000011
10010111010001100111100100010111
11000011100111000010100111110110
10011111011101110100001110101110
10110001110101110001100110110001
01011011010111000010111010010001
01110001010100011100110000000010
00001001111010101110110110101010
