10111011001100010001001011111111
11111010011100100000111011001100
00110001001100010000111111111011
11100001111000111111010111100110
01010010000101011010000100001011
01100001011110011010001000101110
10100000001000100001000011110010
11010011001000011101011100100100
00100101010000110000000000100001
01100100110000100011110100100010
00001111001000110000111111111101
11000010111001010011000100010111
11010100000001111001011000110100
01001101011010011101010101000000
10111111110101001011000010111011
11011001000100100011111011001110
