10101111001110010111010011100010
00010000000011000111111010010100
00111011011101110101100101111111
01110111101111000111011111000010
11100111011110110000011111111001
01010000010010100010111101100011
11101100111101110100011110101001
10110001100110011001110011011100
01000110010110101010110101101100
01111010010110011111001110011010
11001100010000100111011010101100
11010110010101110001011110011010
00101010010000100011101101110110
01111011100111101011000111110110
01100001011101001110001000110001
01110100100111010101001000010110
