11011010010100000000000000000000
10111101101001010000000000000000
00001011110110100000000000000000
01010101001100001101101001010000
01010101010100111011110110100101
00000101010101010000101111011010
00000000000000000101010100110000
00000000000000000101010101010011
00000000000000000000010101010101
00000000000000000000000000000000
00000000000000000000000000000000
00000000000000000000000000000000
00000000000000000000000000000000
00000000000000000000000000000000
00000000000000000000000000000000
01000000000000000000000000000000
01100100000000000000000000000000
00000110010000000000000000000000
00000000000000000000000000000000
00000000000000000000000000000000
00000000000000000000000000000000
00000000000000000000000000000000
00000000000000000000000000000000
00000000000000000000000000000000
00000000000000000000000000000000
00000000000000000000000000000000
00000000000000000000000000000000
