00000000000000000000000000000000
00000000000000000000000000000000
00000000000000000000000000000000
00000000000000000000000000000000
00000000000000000000000000000000
00000000000000000000000000000000
00000000000000000000000000000000
00100000000100100000000000010011
00100000001001000000000001011000
00000000000010000001000001111011
00000000000010010010000001101001
00000000000000000000000000000000
00000000000000000000000000000000
00110000000000010000000000110011
10000000000000110000000001111010
01010000000010100000000010101110
00000000000011010000000010001110
00000000000000000000000000000000
00000000000000000000000000000000
00110000000000010000001000100000
01100000000000010000101001110001
00010000000000000000111110000000
00000000000000000000110101100011
00000000000000000000000000000000
00000000000000000000000000000000
00010000000000100000000100000000
00000000000000010000010100000000
00000000000000000000100000000000
00000000000000000000100000000000
00000000000000000000000000000000
00000000000000000000000000000000
00000000000000000000000000000000
00000000000000000000000000000000
00000000000000000000000000000000
00000000000000000000000000000000
00000000000000000000000000000000
