00000000000000000000000000000000
00000000000000000000000000000000
00000000000000000000000000000000
00000000000000000000000000000000
00000000000000000000000000000000
00000000000000000000000000000000
00000000000000000000000000000000
00000000000001000000000000000000
00000000000010010000000000000000
00000000000010010000000000000000
00000000000001100000000000000000
00000000000000000000000000000000
00000000000000000000000000000000
00000000000001110000000000000000
00000000000011110000000000000000
00000000000011100000000000000000
00000000000010100000000000000000
00000000000000000000000000000000
00000000000000000000000000000000
01010000000010110000000000000000
00110000000011110000000000000000
00000000000011110000000001000000
00000000000111100000000010100000
00000000000000000000000000000000
00000000000000000000000000000000
01000000000010010000000000000000
00110000000011110000000000100000
00100000001011110000000001110000
00010000001110000000000001110000
00000000000000000000000000000000
00000000000000000000000000000000
00000000000000000000000000000000
00000000000000000000000000000000
00000000000000000000000000000000
00000000000000000000000000000000
00000000000000000000000000000000
