00000000000000000000000000000000
00000000000000000000000000000000
00000000000000000000000000000000
00000000000000000000000000000000
00000000000000000000000000000000
00000000000000000000000000000000
00000000000000000000000000000000
00000010000000100000001000000000
00000000000001110000000100000000
00110000000001110000001000000000
00100000000001000010000100000000
00000000000000000000000000000000
00000000000000000000000000000000
00000000000001100000001000000000
00000000000010010000000000000000
00000000000010000000000100000000
00000000000001000011000000000000
00000000000000000000000000000000
00000000000000000000000000000000
00000000000010010000001100000000
00000000000011100000001000000000
00000000000010110000001101010000
00000000000001000000000001000000
00000000000000000000000000000000
00000000000000000000000000000000
00010000000001100010001000000000
00000000000010100000001100000000
00000000000010010000001100110000
00000001000001000000000101100001
00000000000000000000000000000000
00000000000000000000000000000000
00000000000000000000000000000000
00000000000000000000000000000000
00000000000000000000000000000000
00000000000000000000000000000000
00000000000000000000000000000000
