00000000000000000000000000000000
00000000000000000000000000000000
00000000000000000000000000000000
00000000000000000000000000000000
00000000000000000000000000000000
00000000000000000000000000000000
00000000000000000000000000000000
00010000000000100000000100000001
01010000000101100001000100000010
01110000000001110001000100000001
01010000000001100011000100000010
00000000000000000000000000000000
00000000000000000000000000000000
00000010000100010000000000010001
01110000000001010000000000000000
10110000000010010010000000000000
01100001000001110100000000000010
00000000000000000000000000000000
00000000000000000000000000000000
00000001000000000000000000000011
00100010000000000000000000000000
00110111000000100001000000000000
00011000000001100101000000000000
00000000000000000000000000000000
00000000000000000000000000000000
00000000000000000000000000000010
00000001000000000000000000000000
00000101000000000010000100000000
00000101000000110100000100000001
00000000000000000000000000000000
00000000000000000000000000000000
00000000000000000000000000000000
00000000000000000000000000000000
00000000000000000000000000000000
00000000000000000000000000000000
00000000000000000000000000000000
