00000000000000000000000000000000
00000000000000000000000000000000
00000000000000000000000000000000
00000000000000000000000000000000
00000000000000000000000000000000
00000000000000000000000000000000
00000000000000000000000000000000
00000000000000100000000100000000
00000000000001000000000000000000
00000000000001010000000000000000
00000000000001010001000000000000
00000000000000000000000000000000
00000000000000000000000000000000
00000000000001010000000000000000
00000000000001110000000000000000
00000000000001110000000000000000
00000000000001110000000000000000
00000000000000000000000000000000
00000000000000000000000000000000
00110000000010110000000000010000
00010000000011110000000000000000
00000000000011000000000000000000
00000000000001100000000001000000
00000000000000000000000000000000
00000000000000000000000000000000
00100000000010000000000000000000
00100000000010110000000000000000
00010000000001110000000001000000
00000000000001000000000001000000
00000000000000000000000000000000
00000000000000000000000000000000
00000000000000000000000000000000
00000000000000000000000000000000
00000000000000000000000000000000
00000000000000000000000000000000
00000000000000000000000000000000
