00000000000000000000000000000000
00000000000000000000000000000000
00000000000000000000000000000000
00000000000000000000000000000000
00000000000000000000000000000000
00000000000000000000000000000000
00000000000000000000000000000000
00010000000000010000000000010001
01000000000001000000000000000000
01010000000001100000000000000000
00110000000001010001000000000001
00000000000000000000000000000000
00000000000000000000000000000000
00100000000000110000001000010001
10100000000010000000000000000000
11110000000011010000000000000000
10010010000011000011000000010000
00000000000000000000000000000000
00000000000000000000000000000000
00110000000000000000000000000010
10010000000000110000000000000000
11000000000010000000000000000000
01110101000011000100000000010000
00000000000000000000000000000000
00000000000000000000000000000000
00000000000000000000000000000011
00000000000000000000000000000000
00000000000001100000000000000000
00000100000010110110000000000010
00000000000000000000000000000000
00000000000000000000000000000000
00000000000000000000000000000000
00000000000000000000000000000000
00000000000000000000000000000000
00000000000000000000000000000000
00000000000000000000000000000000
