00000000000000000000000000000000
00000000000000000000000000000000
00000000000000000000000000000000
00000000000000000000000000000000
00000000000000000000000000000000
00000000000000000000000000000000
00000000000000000000000000000000
00000011001000000000001000010000
00000001000000000010011100000000
00000000000000000001010000000000
00000000000000000010001100000000
00000000000000000000000000000000
00000000000000000000000000000000
00000011010000000000001100000011
00000010001000000000100000000100
00000000000100000000100000000010
00000000000100000010001100000001
00000000000000000000000000000000
00000000000000000000000000000000
00000000001100000000000100000001
00000011000100000000010100100000
00000101001000000000011110010000
00000101001000000000001110010011
00000000000000000000000000000000
00000000000000000000000000000000
00000010000000000001000000000010
00010011000000000000000000000000
00010110000000000000001001000000
00010110000000000000000001100010
00000000000000000000000000000000
00000000000000000000000000000000
00000000000000000000000000000000
00000000000000000000000000000000
00000000000000000000000000000000
00000000000000000000000000000000
00000000000000000000000000000000
