00000000000000000000000000000000
00000000000000000000000000000000
00000000000000000000000000000000
00000000000000000000000000000000
00000000000000000000000000000000
00000000000000000000000000000000
00000000000000000000000000000000
00000000001100100010001000000001
00000000001000000011010000000000
00000000000100000010010000000000
00000000000000000001001000000010
00000000000000000000000000000000
00000000000000000000000000000000
00000000100000010010000000000011
00000000011000000011000100000001
00000000010100000100010000000010
00000000001100000011000000000110
00000000000000000000000000000000
00000000000000000000000000000000
00000000011100000010000000000101
00000000100100000010000000000011
00000001010000000010000000000000
00000101001100000000000000010010
00000000000000000000000000000000
00000000000000000000000000000000
00000011001100000000000000000010
00000011010100000001000000000000
00000111000100000000000000110000
00001000000000000000000001000000
00000000000000000000000000000000
00000000000000000000000000000000
00000000000000000000000000000000
00000000000000000000000000000000
00000000000000000000000000000000
00000000000000000000000000000000
00000000000000000000000000000000
