00000000000000000000000000000000
00000000000000000000000000000000
00000000000000000000000000000000
00000000000000000000000000000000
00000000000000000000000000000000
00000000000000000000000000000000
00000000000000000000000000000000
00000011000100010000000100010000
00000001000000010000010100000000
00000000000000000011001100000000
00000000000000000010000000000000
00000000000000000000000000000000
00000000000000000000000000000000
00000010000000000000001000000011
00000000000000000000100100000000
00000001000000000011101000110000
00000010000000000010001000010001
00000000000000000000000000000000
00000000000000000000000000000000
00000001000000000000000000000001
00000001000000000000100000000000
00000110000000000000110010000010
00000101000000010000001101100010
00000000000000000000000000000000
00000000000000000000000000000000
00000010000000000000000000000001
00000011000000000000001100000000
00000100000000000010010100100001
00000100000000010001001000110010
00000000000000000000000000000000
00000000000000000000000000000000
00000000000000000000000000000000
00000000000000000000000000000000
00000000000000000000000000000000
00000000000000000000000000000000
00000000000000000000000000000000
