00000000000000000000000000000000
00000000000000000000000000000000
00000000000000000000000000000000
00000000000000000000000000000000
00000000000000000000000000000000
00000000000000000000000000000000
00000000000000000000000000000000
00000001000100000000000001110101
00000000000000100000000001010000
00000000000001000011000000000000
00000000000000010011000000000000
00000000000000000000000000000000
00000000000000000000000000000000
01110000000000000000000110001001
10100000000000000000000001110011
01010000000000010000000000100000
00010000000100000000000000100000
00000000000000000000000000000000
00000000000000000000000000000000
10010000000000000010010000110101
11110000000000000000000101110000
11000000000000000000000011110000
01000000010000000000000011010000
00000000000000000000000000000000
00000000000000000000000000000000
01000000000000100010000100000000
10010000000000110000000000110000
01100000000000000000000010110000
00100000001000000000000010100010
00000000000000000000000000000000
00000000000000000000000000000000
00000000000000000000000000000000
00000000000000000000000000000000
00000000000000000000000000000000
00000000000000000000000000000000
00000000000000000000000000000000
