00000000000000000000000000000000000000000100101100000000000000000000000000000000000000000000000000000000010000100000000000000000
00000000000000000000000000000000000000000100001100000000000000000000000000000000000000000000000000000000100000100000000000000000
00000000000000000000000000000000000000000001001100000000000000000000000000000000000000000000000000000000011110000000000000001000
00000000000000000000000000000000000000000000000000000000000000000000000000000000000000000000000000000000011001110000000000001111
00000000000000000000000000000000000000000101110000000000000000000000000000000000000000000000000000000000011101100000000000000000
00000000000000000000000000000000000000000000000000000000000000000000000000000000000000000000000000000000110100110000000000000000
00000000000000000000000000000000000000000000000000000000000000000000000000000000000000000000000000000000101101100000000000000000
00000000000000000000000000000000000000000000000000000000000000000000000000000000000000000000000000000000101011000000000000000100
00000000000000000000000000010010000000001000000100000000000000000000000000010000000000000000000000000000011001110000000000000000
00000000000000000000000000000000000000000000101000000000000000000000000000000111000000000000000000000000110000000000000000000000
00000000000000000000000000000000000000000000000000000000000000000000000000000000000000000000000000000000101111010000000000000000
00000000000000000000000000000000000000000000000000000000000000000000000000000101000000000000000000000000101101000000000000110000
00000000000101010000000000011010000000000010101100000000000000000000000001001110000000000000100000000000001001110000000000000000
00000000000000000000000000001101000000000000000000000000000000000000000010011111000000000000000000000000011000100000000000000000
00000000000000000000000000000000000000000000000000000000000000000000000010111100000000000000000000000000011000110000000000000000
00000000000000000000000000000000000000000000000000000000000000000000000010100000000000000000000000000000010010000000000000100100
