00000000001110110000000000000000000000000001010000000000000000000000000000000000000000000000000000000000000000000000000000010010
00000000100000010000000000000000000000000010111000000000000000000000000000000000000000000000000000000000011101100000000001011010
00000000110000110000000000000000000000000101110000000000000000000000000000000000000000000000000000000001000000000000000011001111
00000000111010010000000000000000000000000011110100000000000000000000000000000000000000000010101100000001000001100000000011111001
00000000010100000000000000000000000000000000000000000000000000000000000000111110000000000000000000000000000000000000000000000000
00000000110110110000000000000000000000000000000000000000000000000000000000000000000000000000000000000000000001110000000000000000
00000001001110110000000000101011000000000000000000000000000000000000000000000000000000000000000000000000001010000000000000000000
00000001010100100000000001001101000000000000000000000000000000000000000000000000000000000000000000000000001000000000000001010011
00000000001111010000000000010110000000000000000000000000000000000000000010010001000000000010101000000000000000000000000000000000
00000000100100010000000010101001000000000000000000000000000000000000000010110101000000000110000100000000001000100000000000000000
00000000110001110000000100110100000000000000000000000000000000000000000010100010000000001010010000000000000001010000000000000000
00000000110000000000000011101100000000000000000000000000000000000000000001111110000000000100010000000000000000000000000000000000
00000000000000000000000000000000000000000000000000000000000000000000000001001101000000000110010000000000000110000000000000000000
00000000000000000000000000000010000000000000000000000000000000000000000001100101000000001010101100000000001011100000000000000000
00000000000000000000000000100010000000000000000000000000000000000000000010011010000000001110010000000000000000000000000000000000
00000000000100000000000000111001000000000000000000000000000000000000000010111011000000000110001100000000000000000000000000000000
