00000000001010000000000001001011000000000011001000000000000111000000000000000000000000000000000000000000001111010000000000000000
00000000000000000000000001011001000000000101100000000000000000000000000001001000000000000000000000000000000010110000000000000000
00000000000000000000000000110000000000000100101100000000000000000000000001001100000000000000000000000000000000000000000000000000
00000000000011000000000000001111000000000100011000000000000000000000000000110110000000000001011000000000000000000000000000001100
00000000001001010000000001000110000000000000110100000000001101100000000000000000000000000000000000000000010011100000000000000000
00000000000000000000000001000111000000000001011000000000000000000000000000101000000000000000000000000000000000000000000000000000
00000000000000000000000000011100000000000010000000000000000000000000000001001000000000000000000000000000000000000000000000101101
00000000001110010000000000000000000000000010010100000000000000000000000000111100000000000000000000000000000000000000000000010010
00000000000111000000000001000100000000000000000000000000000000000000000000000000000000000000000000000000001101000000000000000011
00000000000000000000000001000010000000000000000000000000000000000000000000000000000000000000000000000000000000000000000001000011
00000000000000000000000000011101000000000000000000000000000000000000000000000000000000000000000000000000000000000000000001101000
00000000010011010000000000000000000000000000000000000000000000000000000000000000000000000000000000000000000100110000000000011010
00000000001001010000000000101110000000000000000000000000000000000000000000000000000000000000000000000000000101010000000000110011
00000000001100010000000000110000000000000000000000000000000000000000000000000000000000000000000000000000000000000000000001100011
00000000001001000000000000000000000000000000000000000000000000000000000000000000000000000000000000000000000111100000000010100001
00000000010001010000000000000000000000000000000100000000001010000000000000000000000000000000000100000000011000000000000001111000
