00000000101101000000000000000000000000000001001000000000000000000000000000000000000000000000000000000000101001110000000001100001
00000001000100100000000000000000000000000001110000000000000000000000000000000000000000000000000000000001010110010000000100110010
00000000110011110000000000000000000000000000000000000000000000000000000000000000000000000000000000000001101011000000000101100100
00000000101111010000000000000000000000000000000000000000000000000000000000000000000000000010110000000001010010010000000100100010
00000001010101100000000000000000000000000000000000000000000000000000000001010001000000000000000000000000000101010000000000000000
00000010000110100000000000001110000000000000000000000000000000000000000000000000000000000000000000000000010011010000000000101101
00000001110000000000000000000000000000000000000000000000000000000000000000000000000000000000000000000000010100010000000010000101
00000001011111000000000000011101000000000000000000000000000000000000000000111000000000000001000100000000010011100000000011001011
00000000111001010000000010100001000000000000000000000000000000000000000100010101000000000011010100000000001010000000000000000000
00000001011001000000000101111010000000000000000000000000000000000000000010111011000000001010000100000000000000000000000000000000
00000001010111110000000110000000000000000000000000000000000000000000000010011000000000001011001000000000000000000000000000000000
00000001001010010000000100001000000000000000000000000000000000000000000010001010000000000100011100000000000000000000000000000000
00000000000101010000000000110001000000000000000000000000000000000000000011010001000000001110110100000000000000000000000000000000
00000000010100110000000010011010000000000000000000000000000000000000000100110011000000010110101100000000000000000000000000000000
00000000011001000000000010011111000000000000000000000000000000000000000100111101000000010110010100000000000000000000000000000000
00000000011010100000000001110101000000000000000000000000000000000000000100101011000000001011010000000000000000000000000000000000
