00000000000000000000000000000000000000000011001100000000000000000000000000000000000000000000000000000000001100110000000000000000
00000000000000000000000000000000000000000001111100000000000000000000000000000000000000000000000000000000011001000000000000000010
00000000000000000000000000000000000000000001010000000000000000000000000000000000000000000000000000000000011100000000000000001101
00000000000000000000000000000000000000000000000000000000000000000000000000000000000000000000000000000000011001100000000000011001
00000000000000000000000000000000000000000110000000000000000000000000000000000000000000000000000000000000011100010000000000000000
00000000000000000000000000000000000000000001001000000000000000000000000000000000000000000000000000000000111000010000000000000000
00000000000000000000000000000000000000000000000000000000000000000000000000000000000000000000000000000000110010010000000000000000
00000000000000000000000000000000000000000000000000000000000000000000000000000000000000000000000000000000101001000000000000000000
00000000000011110000000000000000000000001001010000000000000000000000000000010000000000000000000000000000011001100000000000000000
00000000000000000000000000000000000000000010101000000000000000000000000000000000000000000000000000000000110010000000000000000000
00000000000000000000000000000000000000000000000000000000000000000000000000000000000000000000000000000000110000010000000000000000
00000000000000000000000000000000000000000000000000000000000000000000000000011110000000000000000000000000101011010000000000100100
00000000000110100000000000001111000000000100001000000000000000000000000001100101000000000000000000000000001100100000000000000000
00000000000000000000000000000110000000000010000100000000000000000000000001111001000000000000000000000000011010000000000000000000
00000000000000000000000000000000000000000000000000000000000000000000000010000100000000000000000000000000011110010000000000000000
00000000000000000000000000000000000000000000000000000000000000100000000001101001000000000000000000000000010110010000000000011011
