00000000001000100000000001100101000000000010010100000000000000000000000000000000000000000010110000000000011011010000000000000000
00000000001010100000000010000100000000000100001100000000000000000000000000000000000000000001001000000000000100110000000000000000
00000000001000000000000001110110000000000000000100000000000000000000000000000000000000000100010100000000000000000000000000000000
00000000000100000000000000111111000000000000000000000000000000000000000000000000000000000011011000000000000000000000000000000000
00000000000000000000000000011011000000000000000000000000000000000000000000000000000000000101011000000000010110000000000000000000
00000000000000000000000001110001000000000000000000000000000000000000000000000000000000000000010100000000000000000000000000000000
00000000001000100000000001011111000000000000000000000000000000000000000000000000000000000001110100000000000000000000000000000000
00000000011010110000000000100000000000000000000000000000000000000000000000000000000000000101011100000000001000100000000000000000
00000000000000000000000000000000000000000000000000000000000000000000000000000000000000000101010100000000000100000000000000000000
00000000000000000000000000000000000000000000000000000000000000000000000000000000000000000100110100000000000000000000000000000101
00000000001100100000000000000000000000000000000000000000000000000000000000000000000000000100001100000000000000000000000000101011
00000000101100100000000000000000000000000000000000000000000000000000000000101000000000000111000000000000010100110000000001011111
00000000000010010000000000000000000000000000000000000000000000000000000000000000000000000011000000000000000101100000000000001010
00000000000001110000000000000000000000000000000000000000000000000000000000000000000000000101110000000000001001110000000000010001
00000000000011010000000000000000000000000000000000000000000000000000000000011010000000000110100000000000010001110000000000110001
00000000010100000000000000000000000000000000110000000000010000100000000001000010000000000011111000000000010010000000000001000011
