00000000110110000000000000000000000000000000000000000000000110100000000000100101000000000000010100000000000000000000000000001111
00000000110010100000000000000000000000000000000000000000000100100000000000000110000000000111101000000000000000000000000001011000
00000000011100000000000000000000000000000000000000000000001111110000000000000000000000000100001100000000000100000000000000100011
00000000001011010000000000000000000000000000000000000000000110000000000000000101000000000010000000000000000110100000000000000110
00000001000101100000000000000000000000000000011000000000001000000000000010111110000000000000000000000000000000000000000000000000
00000001000111000000000000000000000000000000000000000000110001000000000000001111000000000000000000000000000000000000000000000000
00000000110110110000000000000000000000000000000000000001001100110000000000000000000000000000000000000000000000000000000000000000
00000000101000000000000000000000000000000000000000000000100101110000000000000000000000000011011100000000100001110000000000000000
00000000101110110000000000000000000000000000000000000000000000000000000100011101000000000000000000000000000000000000000000000000
00000001000011000000000000000000000000000000000000000000001110000000000001111011000000000000000000000000000000000000000000000000
00000000111111110000000000000000000000000000000000000000100001110000000000000000000000000000000000000000010110100000000000110001
00000000110110100000000000000000000000000000000000000000010111110000000000000000000000000100000000000000101111010000000010101011
00000000001110010000000000000000000000000000000000000000000000000000000011001000000000000000000000000000000000000000000000000000
00000000010100110000000000000000000000000000000000000000000000000000000011001101000000000000000000000000000011100000000000000000
00000000011000000000000000000000000000000000000000000000000000000000000001101111000000000010100100000000011111110000000000100000
00000000100000000000000000010110000000000010011100000000001110110000000000111100000000000101001000000000001101000000000001110000
