00000000000000000000000000000000
00000000000000000000000000000000
00000000000000000000000000000000
00000000000000000000000000000000
00000000000000000000000000000000
00000000000000000000000000000000
00000000000000000000000000000000
00010000000000000000000100010001
00100000001001000000000100000011
00110000000101100000001000000010
00100000001101010011001000000011
00000000000000000000000000000000
00000000000000000000000000000000
01110000000000000000001001010000
11000000000000000000000001000110
01110000000000000000000000011001
00000000001000110001000000000111
00000000000000000000000000000000
00000000000000000000000000000000
11000000000000000000000101010000
11110000000000000000000110000000
11110000000000000000000010110001
01000000001100000000000001100000
00000000000000000000000000000000
00000000000000000000000000000000
10000000000000000010000000110000
10110000001000000001000001110000
10010000001100000000000011100001
01000011001100000000000010010000
00000000000000000000000000000000
00000000000000000000000000000000
00000000000000000000000000000000
00000000000000000000000000000000
00000000000000000000000000000000
00000000000000000000000000000000
00000000000000000000000000000000
