00000000000000000000000000000000
00000000000000000000000000000000
00000000000000000000000000000000
00000000000000000000000000000000
00000000000000000000000000000000
00000000000000000000000000000000
00000000000000000000000000000000
00100000000101010000000010001010
00100000000010100000000011001101
00000000000010110000000010101001
00000000000001110010000001100110
00000000000000000000000000000000
00000000000000000000000000000000
01010000000001000000000011111111
01010000000011110000000011111111
00000000000011110000000011111111
00000000000011110001000010011111
00000000000000000000000000000000
00000000000000000000000000000000
01100000000000000000110011100110
01100000000000000000111111110111
00010000000000000000111111110110
00000000000000000000110011010100
00000000000000000000000000000000
00000000000000000000000000000000
00000000000000000010110100000010
00000000000000000000111100000000
00000000000000000000111101000000
00000000000100000000111101000000
00000000000000000000000000000000
00000000000000000000000000000000
00000000000000000000000000000000
00000000000000000000000000000000
00000000000000000000000000000000
00000000000000000000000000000000
00000000000000000000000000000000
