00000000000000000000000000000000
00000000000000000000000000000000
00000000000000000000000000000000
00000000000000000000000000000000
00000000000000000000000000000000
00000000000000000000000000000000
00000000000000000000000000000000
00000100000000100000000100000000
00000100000000000000010000000000
00000010000000000001010000000000
00000010000000000010000000000000
00000000000000000000000000000000
00000000000000000000000000000000
00001000000000110000000100000000
00001011000000010000101000000000
00000100000000000011110000000000
00000101000000001000000000000000
00000000000000000000000000000000
00000000000000000000000000000000
00100110000000000000001000000000
00001001000000000000111100000000
00000110000000000000111101110000
00001000000000000100010110000000
00000000000000000000000000000000
00000000000000000000000000000000
00000010000000000000001100000000
00000100000000000000111100000000
00001010000000000000111111110100
00001011000100100000011011110111
00000000000000000000000000000000
00000000000000000000000000000000
00000000000000000000000000000000
00000000000000000000000000000000
00000000000000000000000000000000
00000000000000000000000000000000
00000000000000000000000000000000
