00000000000000000000000000000000
00000000000000000000000000000000
00000000000000000000000000000000
00000000000000000000000000000000
00000000000000000000000000000000
00000000000000000000000000000000
00000000000000000000000000000000
00010000010101110101000000001000
00000000010001100110000000001110
00000000000000000101000000001110
00000000000000000011000100001000
00000000000000000000000000000000
00000000000000000000000000000000
00000000100001111001000000000111
00000000011001001010000000001010
00000000000100000011000000001011
00000000000100000010000000001000
00000000000000000000000000000000
00000000000000000000000000000000
00000010011100000101000000000000
00001001011100000011000000000000
00001101001100000000000000110000
00001000001000000000000001000011
00000000000000000000000000000000
00000000000000000000000000000000
00000010001100000001000000000000
00000111010000000000000000000000
00001001001000000000000001000000
00000111000100000000000001010010
00000000000000000000000000000000
00000000000000000000000000000000
00000000000000000000000000000000
00000000000000000000000000000000
00000000000000000000000000000000
00000000000000000000000000000000
00000000000000000000000000000000
