00000000000000000000000000000000
00000000000000000000000000000000
00000000000000000000000000000000
00000000000000000000000000000000
00000000000000000000000000000000
00000000000000000000000000000000
00000000000000000000000000000000
00000000010000110100000001000000
00000000100101100011000011110000
00000000000000110000000111110000
00000000000000010001000011110000
00000000000000000000000000000000
00000000000000000000000000000000
00000011011100100001000001000000
00000011111100010000000011000000
00000000010000000000000011110000
00000000000000000010000011110000
00000000000000000000000000000000
00000000000000000000000000000000
00011001011000000000000000000000
00001010111100000000000000000000
00000000111000000011000000000000
00000000000000001101000001000000
00000000000000000000000000000000
00000000000000000000000000000000
00000100000100000001000000000000
00000100010100000000000000000000
00000000010100000101000000000000
00000000000000000101000100010000
00000000000000000000000000000000
00000000000000000000000000000000
00000000000000000000000000000000
00000000000000000000000000000000
00000000000000000000000000000000
00000000000000000000000000000000
00000000000000000000000000000000
