00000000000000000000000000000000000000000101110000000000000000000000000000000000000000000000000000000000010110100000000000000000
00000000000000000000000000000000000000000101011000000000000000000000000000000000000000000000000000000000110000010000000000001100
00000000000000000000000000000000000000000000010000000000000000000000000000000000000000000000000000000000111001000000000000100001
00000000000000000000000000000000000000000000000000000000000000000000000000000000000000000000000000000000101001100000000000100111
00000000000000000000000000000000000000001000101100000000000000000000000000000000000000000000000000000000011001110000000000000000
00000000000000000000000000000000000000000011100000000000000000000000000000000000000000000000000000000000111111000000000000000000
00000000000000000000000000000000000000000000000000000000000000000000000000000000000000000000000000000001001001110000000000000000
00000000000000000000000000000000000000000000000000000000000000000000000000000000000000000000000000000001001001100000000000100000
00000000000001010000000000000000000000001001000000000000000000000000000000011111000000000000000000000000011010110000000000000000
00000000000000000000000000000000000000000001100100000000000000000000000000000000000000000000000000000001000010010000000000000000
00000000000000000000000000000000000000000000000000000000000000000000000000000000000000000000000000000001010000000000000000000000
00000000000000000000000000000000000000000000000000000000000000000000000000100010000000000000000000000001010010000000000001011110
00000000001011000000000000000000000000000100110000000000000000000000000010000010000000000000000000000000001001000000000000000000
00000000000000100000000000000000000000000011010000000000000000000000000010010111000000000000000000000000100100000000000000000000
00000000000000000000000000000000000000000000000000000000000000000000000011011100000000000000000000000000110010110000000000000000
00000000000000000000000000000000000000000000000000000000000110110000000011010111000000000000000000000000100011100000000000101010
