00000000100011000000000000010101000000000000000000000000001000000000000000000000000000000000000000000000000011010000000000000000
00000000110000000000000000000000000000000000000000000000001010010000000000000000000000000000000000000000001100010000000001100011
00000000101101110000000000000000000000000000000000000000000001000000000001101001000000000000000000000000000000000000000100101111
00000000110011010000000000000000000000000000000000000000000000000000000001110010000000000110001100000000101001010000000011110000
00000000001010010000000001111010000000000000000000000000000000000000000000000000000000000000000000000000100010010000000000000000
00000000011110110000000000110011000000000000000000000000110110000000000000001000000000000000000000000000011100100000000000000000
00000000000000000000000000000000000000000000000000000000101110010000000011100101000000000000000000000000000000000000000001110111
00000000001001010000000000000000000000000011101000000000001000000000000101001000000000000010001000000000000000000000000010011110
00000000000001110000000001000011000000000000000000000000000000000000000000000000000000000000011100000000101111100000000001001101
00000000000001000000000001011111000000000000000000000001001011010000000000000000000000000000000000000000101011110000000000010110
00000000000000000000000010001110000000000000000000000001010011010000000001100000000000000000000000000000000000000000000000011111
00000000000000000000000000000111000000000110100000000000010101000000000011001010000000000000011100000000000000000000000000110011
00000000000001110000000000000000000000000000000000000000000000000000000000000000000000000010110000000000100100010000000010111001
00000000000000000000000001001111000000000000000000000000001110010000000000000000000000000000000000000000101000110000000010101000
00000000000000000000000010011011000000000000000000000000110110100000000000000000000000000000000000000000000011110000000000010000
00000000000101010000000000010000000000000000000000000000000000000000000000000000000000000000000000000000000000110000000000001011
