00000000001111110000000000000000000000000100111000000000000000000000000000111001000000000000000000000000000000000000000000000000
00000000010011110000000000000000000000000111110100000000000000000000000000101001000000000000000000000000000000000000000000000000
00000000000100000000000000000000000000000101010100000000000011100000000000000000000000000000000000000000010011000000000000000000
00000000000011100000000000000000000000000000000000000000010110000000000000000000000000000000000000000000101011110000000000000000
00000000011101010000000000000000000000000101011100000000000000000000000010101001000000000000000000000000000000000000000000000000
00000000100001110000000000000000000000001010011100000000000000000000000011101011000000000000000000000000000000000000000000000000
00000000000000000000000000000000000000001010110000000000000000000000000001001111000000000000000000000000010100000000000000000000
00000000000000000000000000000000000000000101111100000000000111010000000000000000000000000000000000000001000111100000000000000000
00000000001101000000000000000000000000000000000000000000000000000000000010001110000000000000000000000000000000000000000000000000
00000000000000000000000000000000000000000001010100000000000000000000000011011101000000000000000000000000000000000000000000000000
00000000000000000000000000000000000000001001110100000000000000000000000001011101000000000000000000000000100110000000000000000000
00000000000000000000000000101001000000001110000000000000000000000000000000000000000000000000000000000001011101000000000000000000
00000000000100110000000000000000000000000000000000000000000000000000000001000101000000000000101100000000000000000000000000000000
00000000000101110000000000000000000000000000000000000000000000000000000001101000000000000010011100000000000000000000000000000000
00000000000000000000000000010110000000000101101100000000000000000000000000111101000000000011110100000000001001000000000000000000
00000000000000000000000001001100000000001011010000000000000000000000000000100000000000000000000000000000110000010000000000000000
