00000000000000000000000001001001000000000010011000000000000000000000000000000000000000000110000100000000011000100000000000011010
00000000000000000000000001000011000000000000100000000000000000000000000000000000000000000100001000000000001111000000000000000000
00000000000000000000000000011100000000000000000000000000000000000000000000000000000000000100001100000000000000000000000000000000
00000000000000000000000000000000000000000000111100000000000000000000000000000000000000000110110100000000000000000000000000000000
00000000000000000000000001001111000000000010011000000000000000000000000000000000000000001110101000000000101010100000000000001110
00000000000000010000000010001101000000000001101100000000000000000000000000000000000000001001000000000000011011000000000000000000
00000000000011100000000010101001000000000000000000000000000000000000000000000000000000001000111100000000000000000000000000000000
00000000011101000000000000110001000000000000000000000000000000000000000000000000000000001100010000000000010100100000000000000000
00000000000000000000000000111101000000000000001000000000000000000000000000000000000000010010100000000000111000000000000000000000
00000000000000000000000010000100000000000000000000000000000000000000000000000000000000001001100100000000011110100000000000000000
00000000000110000000000011010010000000000000000000000000000000000000000000000000000000001010001000000000001110000000000000000000
00000001000000010000000000001111000000000000000000000000000000000000000000000000000000010000110000000000111011000000000000100100
00000000000000000000000000000000000000000000000000000000000000000000000000000000000000010000001100000000011111010000000000000000
00000000000000000000000000000000000000000000000000000000000000000000000000000000000000010011010100000000010000110000000000000000
00000000010001010000000000000000000000000000000000000000000000000000000010010100000000010011110100000000100010010000000000100111
00000000111010100000000000010011000000000001000000000000000000000000000011010101000000001100111000000000101011110000000010110001
