00000000011000110000000000000000000000000010010000000000001000010000000001000100000000000000000000000000000000000000000000000000
00000000101110010000000000000000000000000110000000000000001111010000000000011010000000000010011000000000001001000000000000000000
00000000011100110000000000000000000000000110101100000000000010000000000000000000000000000000010000000000010101110000000000000101
00000000010001010000000000001001000000000100111100000000000000000000000000000000000000000000010100000000010001000000000000101101
00000000100111000000000000000000000000000000000000000000001001110000000010111001000000000000000000000000000000000000000000000000
00000000111101100000000000000000000000000000000000000000100111100000000001010000000000000000000000000000000000000000000000000000
00000000110110100000000000000000000000000000000000000000101000000000000000000000000000000000000000000000000110100000000000000000
00000000110001000000000000000000000000000010100000000000010101110000000000000000000000000000010000000000010110100000000000000000
00000000100110010000000000000000000000000000000000000000000111010000000100101000000000000000000000000000000000000000000000000000
00000001000100000000000000000000000000000000000000000000100001100000000010010111000000000000000000000000000000000000000000000000
00000001010000000000000000000000000000000000000000000000011000110000000000000000000000000000000000000000000111010000000000000100
00000000111100010000000000000110000000000000000000000000010000110000000000000000000000000000010000000000011111000000000001010000
00000000001110010000000000000000000000000000000000000000000000000000000011110000000000000000000000000000000000000000000000000000
00000000011010110000000000000000000000000000000000000000000000000000000011001111000000000000000000000000000001100000000000000000
00000000100101010000000000000000000000000000000000000000000000000000000001110010000000000000100000000000011011000000000001010000
00000000011100110000000000011100000000000010000000000000000111100000000000000010000000000011110100000000010010110000000010100011
