00000000000000000000000000000000000000001100011000000000000000000000000000000000000000000000000000000000101001000000000000010011
00000000000000000000000000000000000000001111011100000000000000000000000001010101000000000000000000000000010111010000000011001000
00000000001000000000000000000000000000001110001000000000000000000000000001000110000000000000000000000000000000000000000011001101
00000000011110010000000000001111000000001010110000000000000000000000000000001001000000000001111000000000000000000000000001101001
00000000000000000000000010100000000000000000111000000000000000000000000000010111000000000000000000000000000000000000000000000000
00000000000000000000000000101111000000000000000000000000000000000000000000101100000000000000000000000000000000000000000001010100
00000000010110010000000000000000000000000000000000000000000000000000000000000000000000000000000000000000000000000000000000111001
00000000111100100000000000000000000000000010111100000000000000000000000000000000000000000000000000000000000000000000000000000000
00000000000000000000000010111011000000000000000000000000000000000000000000000000000000000000000000000000000000000000000000000000
00000000000011010000000000110010000000000000000000000000000000000000000000000000000000000000000000000000000000000000000000101101
00000000011000010000000000000000000000000000000000000000000000000000000000000000000000000000000000000000000000000000000001110000
00000000111001000000000000000000000000000000000000000000000101000000000000000000000000000000000000000000000110000000000001000011
00000000000000000000000000010111000000000000000000000000000000000000000000000000000000000001001000000000010001000000000001010000
00000000000011000000000000000000000000000000000000000000000000000000000000000000000000000001100100000000100000110000000010111011
00000000000000000000000000000000000000000000000000000000000101100000000000000000000000000010110000000000101100010000000011001011
00000000001001000000000000000000000000000100011000000000011010000000000000000000000000000001011000000000100100100000000001101110
