10010111011111001101011110110110
11010010010001110111011110010111
01111100110001100010111000001100
00110100111101111010011111001101
10010011000110110111011000101010
10100000111101000111110110111101
00000101101001100010010000101101
01100101001011111101001111011001
01001110011000010011001001111101
10111001101101010010011101101111
10110111011110011001011110111011
01100001011001110100010011101001
01011100110001100111011101100010
10010011100110011110110101100101
11011001001011011001110000101011
11011101110000011011100101110101
