11101111001000000111000100101001
10011010111011100001011100011100
00111100000111101100001110101110
01110001001100110000010011100010
00110001001101111111100100010010
11110100010111110101011101000101
11000100010100110011010001110110
01110101111100000100011101100111
00011100010000101100111011011101
00100111111010011101101100110000
01011010110111001001000000010011
00101110111000001110111111100011
11010000001101110010100100001101
10100001011100000010011011101101
01000000001100001110111001101100
11101101001100010111101111110010
