10010011100110011101101100001111
10111001011111000011001001110010
00001011010011001110101111101101
10110000110001110010001101110110
11111100100100001010000110101001
10111011011101001001100100111101
11001111000110111111111010101110
01111010001110011111111010011101
11100010110111110001010010101101
10010110000100010111100101001101
00110000101011010000100101000010
11001111111001110010011110101111
11011100110001110001110010111110
01111001011110010000110111110010
00110001011111111001100100000000
10111011011111000001110011001001
