11100111000101110111011101101001
10011001101000011011011101100111
01101011011001011110001010111001
01110111111001010001001011001001
11100000111001101111101010010011
01110100011110100010000000000010
10011011100110111110011110100111
01011011101111011101110001010101
10101001010001110000101110010101
10110000001110010100100110011100
01011110101010101010001100100001
11011100010011101100101010011100
11100110100101110000101111011001
11110110001100110010000111011011
01101111011101000111001111101101
11001101011110110110000110101001
