11100100000000111010110111010010
11101110110111011101001111011110
11111101111001111100110010100001
00101110001111111011011111101001
10101101001110100000000100010000
00100000001100101101110111101111
11110000000000111100000011000010
00010001001010011010000100101100
10011011000110100001111011101110
11111110010000110100101100001011
01110011010000010100010011100010
11110001110100011111001001010001
00001100110100011101111111001001
01101101111110101100110100101100
11011001111100001100000100001110
01011001011011010010110001001110
