00000100001100010111010010101110
11101111110111110011011110010010
11110000001001111111000000001111
01010001101000111111011110111101
11100100011110010100010000110001
00000011101101000100101001000011
00010100000001110011011111100010
11110110100110011001010000101111
01111110001111000001111101110000
00101101100100010111110000101111
00000010010100000000010000000001
11101111000101001110011100101100
01011100111001010100001000011111
00111001110010110000001100000100
10011001010001001110110111101110
01001100001011111110111000100000
