11001111110101110010011111100000
11101001001111001110110100110100
01001100011100111010101111001001
01110110101100010001001111111001
11001111111000011001111011001101
00111110011110011100101101001101
10011001100110111111010110011111
00011100000001011100100100101011
11011001111001110011111110010000
11111111101010010110100110110000
01110010101100101001010100000111
11000100010000000011110010100010
11011111100100011001000111001100
00100010010101001101100111011001
11110110001101000101001100011001
10110010011110010100101000011001
